35 77 119 161 203 245 287 329 371 413 455 497 539 581 623 665 707 749 791 833 875 917 959 1001 1043 1085 1127 1169 1211 1253 1295 1337 1379 1421 1463 1505 1547 1589 1631 1673 1715 1757 1799 1841 1883 1925 1967 2009 2051 2093 2135 2177 2219 2261 2303 2345 2387 2429 2471 2513 2555 2597 2639 2681 2723 2765 2807 2849 2891 2933 2975 3017 3059 3101 3143 3185 3227 3269 3311 3353 3395 3437 3479 3521 3563 3605 3647 3689 3731 3773 3815 3857 3899 3941 3983 4025 4067 4109 4151 4193 4235 4277 4319 4361 4403 4445 4487 4529 4571 4613 4655 4697 4739 4781 4823 4865 4907 4949 4991 5033 5075 5117 5159 5201 5243 5285 5327 5369 5411 5453 5495 5537 5579 5621 5663 5705 5747 5789 5831 5873 5915 5957 5999 6041 6083 6125 6167 6209 6251 6293 6335 6377 6419 6461 6503 6545 6587 6629 6671 6713 6755 6797 6839 6881 6923 6965 7007 7049 7091 7133 7175 7217 7259 7301 7343 7385 7427 7469 7511 7553 7595 7637 7679 7721 7763 7805 7847 7889 7931 7973 8015 8057 8099 8141 8183 8225 8267 8309 8351 8393 8435 8477 8519 8561 8603 8645 8687 8729 8771 8813 8855 8897 8939 8981 9023 9065 9107 9149 9191 9233 9275 9317 9359 9401 9443 9485 9527 9569 9611 9653 9695 9737 9779 9821 9863 9905 9947 9989 10031 
65 143 221 299 377 455 533 611 689 767 845 923 1001 1079 1157 1235 1313 1391 1469 1547 1625 1703 1781 1859 1937 2015 2093 2171 2249 2327 2405 2483 2561 2639 2717 2795 2873 2951 3029 3107 3185 3263 3341 3419 3497 3575 3653 3731 3809 3887 3965 4043 4121 4199 4277 4355 4433 4511 4589 4667 4745 4823 4901 4979 5057 5135 5213 5291 5369 5447 5525 5603 5681 5759 5837 5915 5993 6071 6149 6227 6305 6383 6461 6539 6617 6695 6773 6851 6929 7007 7085 7163 7241 7319 7397 7475 7553 7631 7709 7787 7865 7943 8021 8099 8177 8255 8333 8411 8489 8567 8645 8723 8801 8879 8957 9035 9113 9191 9269 9347 9425 9503 9581 9659 9737 9815 9893 9971 10049 
95 209 323 437 551 665 779 893 1007 1121 1235 1349 1463 1577 1691 1805 1919 2033 2147 2261 2375 2489 2603 2717 2831 2945 3059 3173 3287 3401 3515 3629 3743 3857 3971 4085 4199 4313 4427 4541 4655 4769 4883 4997 5111 5225 5339 5453 5567 5681 5795 5909 6023 6137 6251 6365 6479 6593 6707 6821 6935 7049 7163 7277 7391 7505 7619 7733 7847 7961 8075 8189 8303 8417 8531 8645 8759 8873 8987 9101 9215 9329 9443 9557 9671 9785 9899 10013 
125 275 425 575 725 875 1025 1175 1325 1475 1625 1775 1925 2075 2225 2375 2525 2675 2825 2975 3125 3275 3425 3575 3725 3875 4025 4175 4325 4475 4625 4775 4925 5075 5225 5375 5525 5675 5825 5975 6125 6275 6425 6575 6725 6875 7025 7175 7325 7475 7625 7775 7925 8075 8225 8375 8525 8675 8825 8975 9125 9275 9425 9575 9725 9875 10025 
155 341 527 713 899 1085 1271 1457 1643 1829 2015 2201 2387 2573 2759 2945 3131 3317 3503 3689 3875 4061 4247 4433 4619 4805 4991 5177 5363 5549 5735 5921 6107 6293 6479 6665 6851 7037 7223 7409 7595 7781 7967 8153 8339 8525 8711 8897 9083 9269 9455 9641 9827 10013 
185 407 629 851 1073 1295 1517 1739 1961 2183 2405 2627 2849 3071 3293 3515 3737 3959 4181 4403 4625 4847 5069 5291 5513 5735 5957 6179 6401 6623 6845 7067 7289 7511 7733 7955 8177 8399 8621 8843 9065 9287 9509 9731 9953 10175 
215 473 731 989 1247 1505 1763 2021 2279 2537 2795 3053 3311 3569 3827 4085 4343 4601 4859 5117 5375 5633 5891 6149 6407 6665 6923 7181 7439 7697 7955 8213 8471 8729 8987 9245 9503 9761 10019 
245 539 833 1127 1421 1715 2009 2303 2597 2891 3185 3479 3773 4067 4361 4655 4949 5243 5537 5831 6125 6419 6713 7007 7301 7595 7889 8183 8477 8771 9065 9359 9653 9947 10241 
275 605 935 1265 1595 1925 2255 2585 2915 3245 3575 3905 4235 4565 4895 5225 5555 5885 6215 6545 6875 7205 7535 7865 8195 8525 8855 9185 9515 9845 10175 
305 671 1037 1403 1769 2135 2501 2867 3233 3599 3965 4331 4697 5063 5429 5795 6161 6527 6893 7259 7625 7991 8357 8723 9089 9455 9821 10187 
335 737 1139 1541 1943 2345 2747 3149 3551 3953 4355 4757 5159 5561 5963 6365 6767 7169 7571 7973 8375 8777 9179 9581 9983 10385 
365 803 1241 1679 2117 2555 2993 3431 3869 4307 4745 5183 5621 6059 6497 6935 7373 7811 8249 8687 9125 9563 10001 
395 869 1343 1817 2291 2765 3239 3713 4187 4661 5135 5609 6083 6557 7031 7505 7979 8453 8927 9401 9875 10349 
425 935 1445 1955 2465 2975 3485 3995 4505 5015 5525 6035 6545 7055 7565 8075 8585 9095 9605 10115 
455 1001 1547 2093 2639 3185 3731 4277 4823 5369 5915 6461 7007 7553 8099 8645 9191 9737 10283 
485 1067 1649 2231 2813 3395 3977 4559 5141 5723 6305 6887 7469 8051 8633 9215 9797 10379 
515 1133 1751 2369 2987 3605 4223 4841 5459 6077 6695 7313 7931 8549 9167 9785 10403 
545 1199 1853 2507 3161 3815 4469 5123 5777 6431 7085 7739 8393 9047 9701 10355 
575 1265 1955 2645 3335 4025 4715 5405 6095 6785 7475 8165 8855 9545 10235 
605 1331 2057 2783 3509 4235 4961 5687 6413 7139 7865 8591 9317 10043 
635 1397 2159 2921 3683 4445 5207 5969 6731 7493 8255 9017 9779 10541 
665 1463 2261 3059 3857 4655 5453 6251 7049 7847 8645 9443 10241 
695 1529 2363 3197 4031 4865 5699 6533 7367 8201 9035 9869 10703 
725 1595 2465 3335 4205 5075 5945 6815 7685 8555 9425 10295 
755 1661 2567 3473 4379 5285 6191 7097 8003 8909 9815 10721 
785 1727 2669 3611 4553 5495 6437 7379 8321 9263 10205 
815 1793 2771 3749 4727 5705 6683 7661 8639 9617 10595 
845 1859 2873 3887 4901 5915 6929 7943 8957 9971 10985 
875 1925 2975 4025 5075 6125 7175 8225 9275 10325 
905 1991 3077 4163 5249 6335 7421 8507 9593 10679 
935 2057 3179 4301 5423 6545 7667 8789 9911 11033 
965 2123 3281 4439 5597 6755 7913 9071 10229 
995 2189 3383 4577 5771 6965 8159 9353 10547 
1025 2255 3485 4715 5945 7175 8405 9635 10865 
1055 2321 3587 4853 6119 7385 8651 9917 11183 
1085 2387 3689 4991 6293 7595 8897 10199 
1115 2453 3791 5129 6467 7805 9143 10481 
1145 2519 3893 5267 6641 8015 9389 10763 
1175 2585 3995 5405 6815 8225 9635 11045 
1205 2651 4097 5543 6989 8435 9881 11327 
1235 2717 4199 5681 7163 8645 10127 
1265 2783 4301 5819 7337 8855 10373 
1295 2849 4403 5957 7511 9065 10619 
1325 2915 4505 6095 7685 9275 10865 
1355 2981 4607 6233 7859 9485 11111 
1385 3047 4709 6371 8033 9695 11357 
1415 3113 4811 6509 8207 9905 11603 
1445 3179 4913 6647 8381 10115 
1475 3245 5015 6785 8555 10325 
1505 3311 5117 6923 8729 10535 
1535 3377 5219 7061 8903 10745 
1565 3443 5321 7199 9077 10955 
1595 3509 5423 7337 9251 11165 
1625 3575 5525 7475 9425 11375 
1655 3641 5627 7613 9599 11585 
1685 3707 5729 7751 9773 11795 
1715 3773 5831 7889 9947 12005 
1745 3839 5933 8027 10121 
1775 3905 6035 8165 10295 
1805 3971 6137 8303 10469 
1835 4037 6239 8441 10643 
1865 4103 6341 8579 10817 
1895 4169 6443 8717 10991 
1925 4235 6545 8855 11165 
1955 4301 6647 8993 11339 
1985 4367 6749 9131 11513 
2015 4433 6851 9269 11687 
2045 4499 6953 9407 11861 
2075 4565 7055 9545 12035 
2105 4631 7157 9683 12209 
2135 4697 7259 9821 12383 
2165 4763 7361 9959 12557 
2195 4829 7463 10097 
2225 4895 7565 10235 
2255 4961 7667 10373 
2285 5027 7769 10511 
2315 5093 7871 10649 
2345 5159 7973 10787 
2375 5225 8075 10925 
2405 5291 8177 11063 
2435 5357 8279 11201 
2465 5423 8381 11339 
2495 5489 8483 11477 
2525 5555 8585 11615 
2555 5621 8687 11753 
2585 5687 8789 11891 
2615 5753 8891 12029 
2645 5819 8993 12167 
2675 5885 9095 12305 
2705 5951 9197 12443 
2735 6017 9299 12581 
2765 6083 9401 12719 
2795 6149 9503 12857 
2825 6215 9605 12995 
2855 6281 9707 13133 
2885 6347 9809 13271 
2915 6413 9911 13409 
2945 6479 10013 
2975 6545 10115 
3005 6611 10217 
3035 6677 10319 
3065 6743 10421 
3095 6809 10523 
3125 6875 10625 
3155 6941 10727 
3185 7007 10829 
3215 7073 10931 
3245 7139 11033 
3275 7205 11135 
3305 7271 11237 
3335 7337 11339 
3365 7403 11441 
3395 7469 11543 
3425 7535 11645 
3455 7601 11747 
3485 7667 11849 
3515 7733 11951 
3545 7799 12053 
3575 7865 12155 
3605 7931 12257 
3635 7997 12359 
3665 8063 12461 
3695 8129 12563 
3725 8195 12665 
3755 8261 12767 
3785 8327 12869 
3815 8393 12971 
3845 8459 13073 
3875 8525 13175 
3905 8591 13277 
3935 8657 13379 
3965 8723 13481 
3995 8789 13583 
4025 8855 13685 
4055 8921 13787 
4085 8987 13889 
4115 9053 13991 
4145 9119 14093 
4175 9185 14195 
4205 9251 14297 
4235 9317 14399 
4265 9383 14501 
4295 9449 14603 
4325 9515 14705 
4355 9581 14807 
4385 9647 14909 
4415 9713 15011 
4445 9779 15113 
4475 9845 15215 
4505 9911 15317 
4535 9977 15419 
4565 10043 
4595 10109 
4625 10175 
4655 10241 
4685 10307 
4715 10373 
4745 10439 
4775 10505 
4805 10571 
4835 10637 
4865 10703 
4895 10769 
4925 10835 
4955 10901 
4985 10967 
5015 11033 
5045 11099 
5075 11165 
5105 11231 
5135 11297 
5165 11363 
5195 11429 
5225 11495 
5255 11561 
5285 11627 
5315 11693 
5345 11759 
5375 11825 
5405 11891 
5435 11957 
5465 12023 
5495 12089 
5525 12155 
5555 12221 
5585 12287 
5615 12353 
5645 12419 
5675 12485 
5705 12551 
5735 12617 
5765 12683 
5795 12749 
5825 12815 
5855 12881 
5885 12947 
5915 13013 
5945 13079 
5975 13145 
6005 13211 
6035 13277 
6065 13343 
6095 13409 
6125 13475 
6155 13541 
6185 13607 
6215 13673 
6245 13739 
6275 13805 
6305 13871 
6335 13937 
6365 14003 
6395 14069 
6425 14135 
6455 14201 
6485 14267 
6515 14333 
6545 14399 
6575 14465 
6605 14531 
6635 14597 
6665 14663 
6695 14729 
6725 14795 
6755 14861 
6785 14927 
6815 14993 
6845 15059 
6875 15125 
6905 15191 
6935 15257 
6965 15323 
6995 15389 
7025 15455 
7055 15521 
7085 15587 
7115 15653 
7145 15719 
7175 15785 
7205 15851 
7235 15917 
7265 15983 
7295 16049 
7325 16115 
7355 16181 
7385 16247 
7415 16313 
7445 16379 
7475 16445 
7505 16511 
7535 16577 
7565 16643 
7595 16709 
7625 16775 
7655 16841 
7685 16907 
7715 16973 
7745 17039 
7775 17105 
7805 17171 
7835 17237 
7865 17303 
7895 17369 
7925 17435 
7955 17501 
7985 17567 
8015 17633 
8045 17699 
8075 17765 
8105 17831 
8135 17897 
8165 17963 
8195 18029 
8225 18095 
8255 18161 
8285 18227 
8315 18293 
8345 18359 
8375 18425 
8405 18491 
8435 18557 
8465 18623 
8495 18689 
8525 18755 
8555 18821 
8585 18887 
8615 18953 
8645 19019 
8675 19085 
8705 19151 
8735 19217 
8765 19283 
8795 19349 
8825 19415 
8855 19481 
8885 19547 
8915 19613 
8945 19679 
8975 19745 
9005 19811 
9035 19877 
9065 19943 
9095 20009 
9125 20075 
9155 20141 
9185 20207 
9215 20273 
9245 20339 
9275 20405 
9305 20471 
9335 20537 
9365 20603 
9395 20669 
9425 20735 
9455 20801 
9485 20867 
9515 20933 
9545 20999 
9575 21065 
9605 21131 
9635 21197 
9665 21263 
9695 21329 
9725 21395 
9755 21461 
9785 21527 
9815 21593 
9845 21659 
9875 21725 
9905 21791 
9935 21857 
9965 21923 
9995 21989 
10025 