25 
55 121 
85 187 289 
115 253 391 529 
145 319 493 667 841 
175 385 595 805 1015 1225 
205 451 697 943 1189 1435 1681 
235 517 799 1081 1363 1645 1927 2209 
265 583 901 1219 1537 1855 2173 2491 2809 
295 649 1003 1357 1711 2065 2419 2773 3127 3481 
325 715 1105 1495 1885 2275 2665 3055 3445 3835 4225 
355 781 1207 1633 2059 2485 2911 3337 3763 4189 4615 5041 
385 847 1309 1771 2233 2695 3157 3619 4081 4543 5005 5467 5929 
415 913 1411 1909 2407 2905 3403 3901 4399 4897 5395 5893 6391 6889 
445 979 1513 2047 2581 3115 3649 4183 4717 5251 5785 6319 6853 7387 7921 
475 1045 1615 2185 2755 3325 3895 4465 5035 5605 6175 6745 7315 7885 8455 9025 
505 1111 1717 2323 2929 3535 4141 4747 5353 5959 6565 7171 7777 8383 8989 9595 10201 
535 1177 1819 2461 3103 3745 4387 5029 5671 6313 6955 7597 8239 8881 9523 10165 
565 1243 1921 2599 3277 3955 4633 5311 5989 6667 7345 8023 8701 9379 10057 
595 1309 2023 2737 3451 4165 4879 5593 6307 7021 7735 8449 9163 9877 10591 
625 1375 2125 2875 3625 4375 5125 5875 6625 7375 8125 8875 9625 10375 
655 1441 2227 3013 3799 4585 5371 6157 6943 7729 8515 9301 10087 
685 1507 2329 3151 3973 4795 5617 6439 7261 8083 8905 9727 10549 
715 1573 2431 3289 4147 5005 5863 6721 7579 8437 9295 10153 
745 1639 2533 3427 4321 5215 6109 7003 7897 8791 9685 10579 
775 1705 2635 3565 4495 5425 6355 7285 8215 9145 10075 
805 1771 2737 3703 4669 5635 6601 7567 8533 9499 10465 
835 1837 2839 3841 4843 5845 6847 7849 8851 9853 10855 
865 1903 2941 3979 5017 6055 7093 8131 9169 10207 
895 1969 3043 4117 5191 6265 7339 8413 9487 10561 
925 2035 3145 4255 5365 6475 7585 8695 9805 10915 
955 2101 3247 4393 5539 6685 7831 8977 10123 
985 2167 3349 4531 5713 6895 8077 9259 10441 
1015 2233 3451 4669 5887 7105 8323 9541 10759 
1045 2299 3553 4807 6061 7315 8569 9823 11077 
1075 2365 3655 4945 6235 7525 8815 10105 
1105 2431 3757 5083 6409 7735 9061 10387 
1135 2497 3859 5221 6583 7945 9307 10669 
1165 2563 3961 5359 6757 8155 9553 10951 
1195 2629 4063 5497 6931 8365 9799 11233 
1225 2695 4165 5635 7105 8575 10045 
1255 2761 4267 5773 7279 8785 10291 
1285 2827 4369 5911 7453 8995 10537 
1315 2893 4471 6049 7627 9205 10783 
1345 2959 4573 6187 7801 9415 11029 
1375 3025 4675 6325 7975 9625 11275 
1405 3091 4777 6463 8149 9835 11521 
1435 3157 4879 6601 8323 10045 
1465 3223 4981 6739 8497 10255 
1495 3289 5083 6877 8671 10465 
1525 3355 5185 7015 8845 10675 
1555 3421 5287 7153 9019 10885 
1585 3487 5389 7291 9193 11095 
1615 3553 5491 7429 9367 11305 
1645 3619 5593 7567 9541 11515 
1675 3685 5695 7705 9715 11725 
1705 3751 5797 7843 9889 11935 
1735 3817 5899 7981 10063 
1765 3883 6001 8119 10237 
1795 3949 6103 8257 10411 
1825 4015 6205 8395 10585 
1855 4081 6307 8533 10759 
1885 4147 6409 8671 10933 
1915 4213 6511 8809 11107 
1945 4279 6613 8947 11281 
1975 4345 6715 9085 11455 
2005 4411 6817 9223 11629 
2035 4477 6919 9361 11803 
2065 4543 7021 9499 11977 
2095 4609 7123 9637 12151 
2125 4675 7225 9775 12325 
2155 4741 7327 9913 12499 
2185 4807 7429 10051 
2215 4873 7531 10189 
2245 4939 7633 10327 
2275 5005 7735 10465 
2305 5071 7837 10603 
2335 5137 7939 10741 
2365 5203 8041 10879 
2395 5269 8143 11017 
2425 5335 8245 11155 
2455 5401 8347 11293 
2485 5467 8449 11431 
2515 5533 8551 11569 
2545 5599 8653 11707 
2575 5665 8755 11845 
2605 5731 8857 11983 
2635 5797 8959 12121 
2665 5863 9061 12259 
2695 5929 9163 12397 
2725 5995 9265 12535 
2755 6061 9367 12673 
2785 6127 9469 12811 
2815 6193 9571 12949 
2845 6259 9673 13087 
2875 6325 9775 13225 
2905 6391 9877 13363 
2935 6457 9979 13501 
2965 6523 10081 
2995 6589 10183 
3025 6655 10285 
3055 6721 10387 
3085 6787 10489 
3115 6853 10591 
3145 6919 10693 
3175 6985 10795 
3205 7051 10897 
3235 7117 10999 
3265 7183 11101 
3295 7249 11203 
3325 7315 11305 
3355 7381 11407 
3385 7447 11509 
3415 7513 11611 
3445 7579 11713 
3475 7645 11815 
3505 7711 11917 
3535 7777 12019 
3565 7843 12121 
3595 7909 12223 
3625 7975 12325 
3655 8041 12427 
3685 8107 12529 
3715 8173 12631 
3745 8239 12733 
3775 8305 12835 
3805 8371 12937 
3835 8437 13039 
3865 8503 13141 
3895 8569 13243 
3925 8635 13345 
3955 8701 13447 
3985 8767 13549 
4015 8833 13651 
4045 8899 13753 
4075 8965 13855 
4105 9031 13957 
4135 9097 14059 
4165 9163 14161 
4195 9229 14263 
4225 9295 14365 
4255 9361 14467 
4285 9427 14569 
4315 9493 14671 
4345 9559 14773 
4375 9625 14875 
4405 9691 14977 
4435 9757 15079 
4465 9823 15181 
4495 9889 15283 
4525 9955 15385 
4555 10021 
4585 10087 
4615 10153 
4645 10219 
4675 10285 
4705 10351 
4735 10417 
4765 10483 
4795 10549 
4825 10615 
4855 10681 
4885 10747 
4915 10813 
4945 10879 
4975 10945 
5005 11011 
5035 11077 
5065 11143 
5095 11209 
5125 11275 
5155 11341 
5185 11407 
5215 11473 
5245 11539 
5275 11605 
5305 11671 
5335 11737 
5365 11803 
5395 11869 
5425 11935 
5455 12001 
5485 12067 
5515 12133 
5545 12199 
5575 12265 
5605 12331 
5635 12397 
5665 12463 
5695 12529 
5725 12595 
5755 12661 
5785 12727 
5815 12793 
5845 12859 
5875 12925 
5905 12991 
5935 13057 
5965 13123 
5995 13189 
6025 13255 
6055 13321 
6085 13387 
6115 13453 
6145 13519 
6175 13585 
6205 13651 
6235 13717 
6265 13783 
6295 13849 
6325 13915 
6355 13981 
6385 14047 
6415 14113 
6445 14179 
6475 14245 
6505 14311 
6535 14377 
6565 14443 
6595 14509 
6625 14575 
6655 14641 
6685 14707 
6715 14773 
6745 14839 
6775 14905 
6805 14971 
6835 15037 
6865 15103 
6895 15169 
6925 15235 
6955 15301 
6985 15367 
7015 15433 
7045 15499 
7075 15565 
7105 15631 
7135 15697 
7165 15763 
7195 15829 
7225 15895 
7255 15961 
7285 16027 
7315 16093 
7345 16159 
7375 16225 
7405 16291 
7435 16357 
7465 16423 
7495 16489 
7525 16555 
7555 16621 
7585 16687 
7615 16753 
7645 16819 
7675 16885 
7705 16951 
7735 17017 
7765 17083 
7795 17149 
7825 17215 
7855 17281 
7885 17347 
7915 17413 
7945 17479 
7975 17545 
8005 17611 
8035 17677 
8065 17743 
8095 17809 
8125 17875 
8155 17941 
8185 18007 
8215 18073 
8245 18139 
8275 18205 
8305 18271 
8335 18337 
8365 18403 
8395 18469 
8425 18535 
8455 18601 
8485 18667 
8515 18733 
8545 18799 
8575 18865 
8605 18931 
8635 18997 
8665 19063 
8695 19129 
8725 19195 
8755 19261 
8785 19327 
8815 19393 
8845 19459 
8875 19525 
8905 19591 
8935 19657 
8965 19723 
8995 19789 
9025 19855 
9055 19921 
9085 19987 
9115 20053 
9145 20119 
9175 20185 
9205 20251 
9235 20317 
9265 20383 
9295 20449 
9325 20515 
9355 20581 
9385 20647 
9415 20713 
9445 20779 
9475 20845 
9505 20911 
9535 20977 
9565 21043 
9595 21109 
9625 21175 
9655 21241 
9685 21307 
9715 21373 
9745 21439 
9775 21505 
9805 21571 
9835 21637 
9865 21703 
9895 21769 
9925 21835 
9955 21901 
9985 21967 
10015 