49 
91 169 
133 247 361 
175 325 475 625 
217 403 589 775 961 
259 481 703 925 1147 1369 
301 559 817 1075 1333 1591 1849 
343 637 931 1225 1519 1813 2107 2401 
385 715 1045 1375 1705 2035 2365 2695 3025 
427 793 1159 1525 1891 2257 2623 2989 3355 3721 
469 871 1273 1675 2077 2479 2881 3283 3685 4087 4489 
511 949 1387 1825 2263 2701 3139 3577 4015 4453 4891 5329 
553 1027 1501 1975 2449 2923 3397 3871 4345 4819 5293 5767 6241 
595 1105 1615 2125 2635 3145 3655 4165 4675 5185 5695 6205 6715 7225 
637 1183 1729 2275 2821 3367 3913 4459 5005 5551 6097 6643 7189 7735 8281 
679 1261 1843 2425 3007 3589 4171 4753 5335 5917 6499 7081 7663 8245 8827 9409 
721 1339 1957 2575 3193 3811 4429 5047 5665 6283 6901 7519 8137 8755 9373 9991 10609 
763 1417 2071 2725 3379 4033 4687 5341 5995 6649 7303 7957 8611 9265 9919 10573 
805 1495 2185 2875 3565 4255 4945 5635 6325 7015 7705 8395 9085 9775 10465 
847 1573 2299 3025 3751 4477 5203 5929 6655 7381 8107 8833 9559 10285 
889 1651 2413 3175 3937 4699 5461 6223 6985 7747 8509 9271 10033 
931 1729 2527 3325 4123 4921 5719 6517 7315 8113 8911 9709 10507 
973 1807 2641 3475 4309 5143 5977 6811 7645 8479 9313 10147 
1015 1885 2755 3625 4495 5365 6235 7105 7975 8845 9715 10585 
1057 1963 2869 3775 4681 5587 6493 7399 8305 9211 10117 
1099 2041 2983 3925 4867 5809 6751 7693 8635 9577 10519 
1141 2119 3097 4075 5053 6031 7009 7987 8965 9943 10921 
1183 2197 3211 4225 5239 6253 7267 8281 9295 10309 
1225 2275 3325 4375 5425 6475 7525 8575 9625 10675 
1267 2353 3439 4525 5611 6697 7783 8869 9955 11041 
1309 2431 3553 4675 5797 6919 8041 9163 10285 
1351 2509 3667 4825 5983 7141 8299 9457 10615 
1393 2587 3781 4975 6169 7363 8557 9751 10945 
1435 2665 3895 5125 6355 7585 8815 10045 
1477 2743 4009 5275 6541 7807 9073 10339 
1519 2821 4123 5425 6727 8029 9331 10633 
1561 2899 4237 5575 6913 8251 9589 10927 
1603 2977 4351 5725 7099 8473 9847 11221 
1645 3055 4465 5875 7285 8695 10105 
1687 3133 4579 6025 7471 8917 10363 
1729 3211 4693 6175 7657 9139 10621 
1771 3289 4807 6325 7843 9361 10879 
1813 3367 4921 6475 8029 9583 11137 
1855 3445 5035 6625 8215 9805 11395 
1897 3523 5149 6775 8401 10027 
1939 3601 5263 6925 8587 10249 
1981 3679 5377 7075 8773 10471 
2023 3757 5491 7225 8959 10693 
2065 3835 5605 7375 9145 10915 
2107 3913 5719 7525 9331 11137 
2149 3991 5833 7675 9517 11359 
2191 4069 5947 7825 9703 11581 
2233 4147 6061 7975 9889 11803 
2275 4225 6175 8125 10075 
2317 4303 6289 8275 10261 
2359 4381 6403 8425 10447 
2401 4459 6517 8575 10633 
2443 4537 6631 8725 10819 
2485 4615 6745 8875 11005 
2527 4693 6859 9025 11191 
2569 4771 6973 9175 11377 
2611 4849 7087 9325 11563 
2653 4927 7201 9475 11749 
2695 5005 7315 9625 11935 
2737 5083 7429 9775 12121 
2779 5161 7543 9925 12307 
2821 5239 7657 10075 
2863 5317 7771 10225 
2905 5395 7885 10375 
2947 5473 7999 10525 
2989 5551 8113 10675 
3031 5629 8227 10825 
3073 5707 8341 10975 
3115 5785 8455 11125 
3157 5863 8569 11275 
3199 5941 8683 11425 
3241 6019 8797 11575 
3283 6097 8911 11725 
3325 6175 9025 11875 
3367 6253 9139 12025 
3409 6331 9253 12175 
3451 6409 9367 12325 
3493 6487 9481 12475 
3535 6565 9595 12625 
3577 6643 9709 12775 
3619 6721 9823 12925 
3661 6799 9937 13075 
3703 6877 10051 
3745 6955 10165 
3787 7033 10279 
3829 7111 10393 
3871 7189 10507 
3913 7267 10621 
3955 7345 10735 
3997 7423 10849 
4039 7501 10963 
4081 7579 11077 
4123 7657 11191 
4165 7735 11305 
4207 7813 11419 
4249 7891 11533 
4291 7969 11647 
4333 8047 11761 
4375 8125 11875 
4417 8203 11989 
4459 8281 12103 
4501 8359 12217 
4543 8437 12331 
4585 8515 12445 
4627 8593 12559 
4669 8671 12673 
4711 8749 12787 
4753 8827 12901 
4795 8905 13015 
4837 8983 13129 
4879 9061 13243 
4921 9139 13357 
4963 9217 13471 
5005 9295 13585 
5047 9373 13699 
5089 9451 13813 
5131 9529 13927 
5173 9607 14041 
5215 9685 14155 
5257 9763 14269 
5299 9841 14383 
5341 9919 14497 
5383 9997 14611 
5425 10075 
5467 10153 
5509 10231 
5551 10309 
5593 10387 
5635 10465 
5677 10543 
5719 10621 
5761 10699 
5803 10777 
5845 10855 
5887 10933 
5929 11011 
5971 11089 
6013 11167 
6055 11245 
6097 11323 
6139 11401 
6181 11479 
6223 11557 
6265 11635 
6307 11713 
6349 11791 
6391 11869 
6433 11947 
6475 12025 
6517 12103 
6559 12181 
6601 12259 
6643 12337 
6685 12415 
6727 12493 
6769 12571 
6811 12649 
6853 12727 
6895 12805 
6937 12883 
6979 12961 
7021 13039 
7063 13117 
7105 13195 
7147 13273 
7189 13351 
7231 13429 
7273 13507 
7315 13585 
7357 13663 
7399 13741 
7441 13819 
7483 13897 
7525 13975 
7567 14053 
7609 14131 
7651 14209 
7693 14287 
7735 14365 
7777 14443 
7819 14521 
7861 14599 
7903 14677 
7945 14755 
7987 14833 
8029 14911 
8071 14989 
8113 15067 
8155 15145 
8197 15223 
8239 15301 
8281 15379 
8323 15457 
8365 15535 
8407 15613 
8449 15691 
8491 15769 
8533 15847 
8575 15925 
8617 16003 
8659 16081 
8701 16159 
8743 16237 
8785 16315 
8827 16393 
8869 16471 
8911 16549 
8953 16627 
8995 16705 
9037 16783 
9079 16861 
9121 16939 
9163 17017 
9205 17095 
9247 17173 
9289 17251 
9331 17329 
9373 17407 
9415 17485 
9457 17563 
9499 17641 
9541 17719 
9583 17797 
9625 17875 
9667 17953 
9709 18031 
9751 18109 
9793 18187 
9835 18265 
9877 18343 
9919 18421 
9961 18499 
10003 